2.153441e+00
2.153441e+00
2.153441e+00
2.153441e+00
2.153441e+00
2.153441e+00
2.153441e+00
2.153441e+00
2.153441e+00
2.153441e+00
2.153441e+00
2.153441e+00
2.153441e+00
2.153441e+00
2.153441e+00
2.153441e+00
2.153441e+00
2.153441e+00
2.153441e+00
2.153441e+00
2.153441e+00
2.153441e+00
2.153441e+00
2.153441e+00
2.153441e+00
2.153441e+00
2.153441e+00
2.153441e+00
2.153441e+00
2.153441e+00
2.153441e+00
2.153441e+00
2.153441e+00
2.153441e+00
2.153441e+00
2.153441e+00
2.153441e+00
2.153441e+00
2.153441e+00
2.153441e+00
2.153441e+00
2.153441e+00
1.255601e+00
1.255601e+00
1.255601e+00
1.255601e+00
1.255601e+00
1.255601e+00
2.402753e+00
2.402753e+00
5.634640e-01
5.634640e-01
5.634640e-01
5.634640e-01
5.634640e-01
5.634640e-01
2.646225e+00
1.992489e+00
1.992489e+00
1.992489e+00
1.992489e+00
1.992489e+00
1.992489e+00
1.885757e+00
1.885757e+00
1.885757e+00
1.885757e+00
1.885757e+00
1.885757e+00
1.885757e+00
2.267417e+00
2.267417e+00
2.267417e+00
2.267417e+00
2.267417e+00
2.267417e+00
2.455020e+00
2.455020e+00
2.455020e+00
2.455020e+00
2.455020e+00
2.455020e+00
2.455020e+00
2.455020e+00
2.455020e+00
2.455020e+00
2.455020e+00
1.731926e+00
2.582546e+00
2.582546e+00
2.613582e+00
2.613582e+00
2.613582e+00
2.613582e+00
2.351127e+00
2.351127e+00
2.351127e+00
2.351127e+00
2.351127e+00
2.351127e+00
